000100000000
001000000001
001100000010
010000000110
010100000111
011000001000
011100001100
100000001101
100100001110
000100000001
001000000010
001100000011
010000000111
010100001000
011000001001
011100001101
100000001110
100100001111
000100000010
001000000011
001100000100
010000001000
010100001001
011000001010
011100001110
100000001111
100100010000
000100000011
001000000100
001100000101
010000001001
010100001010
011000001011
011100001111
100000010000
100100010001
000100000110
001000000111
001100001000
010000001100
010100001101
011000001110
011100010010
100000010011
100100010100
000100000111
001000001000
001100001001
010000001101
010100001110
011000001111
011100010011
100000010100
100100010101
000100001000
001000001001
001100001010
010000001110
010100001111
011000010000
011100010100
100000010101
100100010110
000100001001
001000001010
001100001011
010000001111
010100010000
011000010001
011100010101
100000010110
100100010111
000100001100
001000001101
001100001110
010000010010
010100010011
011000010100
011100011000
100000011001
100100011010
000100001101
001000001110
001100001111
010000010011
010100010100
011000010101
011100011001
100000011010
100100011011
000100001110
001000001111
001100010000
010000010100
010100010101
011000010110
011100011010
100000011011
100100011100
000100001111
001000010000
001100010001
010000010101
010100010110
011000010111
011100011011
100000011100
100100011101
000100010010
001000010011
001100010100
010000011000
010100011001
011000011010
011100011110
100000011111
100100100000
000100010011
001000010100
001100010101
010000011001
010100011010
011000011011
011100011111
100000100000
100100100001
000100010100
001000010101
001100010110
010000011010
010100011011
011000011100
011100100000
100000100001
100100100010
000100010101
001000010110
001100010111
010000011011
010100011100
011000011101
011100100001
100000100010
100100100011
