000100000000
001000000001
001100000010
010000001000
010100001001
011000001010
011100010000
100000010001
100100010010
000100000001
001000000010
001100000011
010000001001
010100001010
011000001011
011100010001
100000010010
100100010011
000100000010
001000000011
001100000100
010000001010
010100001011
011000001100
011100010010
100000010011
100100010100
000100000011
001000000100
001100000101
010000001011
010100001100
011000001101
011100010011
100000010100
100100010101
000100000100
001000000101
001100000110
010000001100
010100001101
011000001110
011100010100
100000010101
100100010110
000100000101
001000000110
001100000111
010000001101
010100001110
011000001111
011100010101
100000010110
100100010111
000100001000
001000001001
001100001010
010000010000
010100010001
011000010010
011100011000
100000011001
100100011010
000100001001
001000001010
001100001011
010000010001
010100010010
011000010011
011100011001
100000011010
100100011011
000100001010
001000001011
001100001100
010000010010
010100010011
011000010100
011100011010
100000011011
100100011100
000100001011
001000001100
001100001101
010000010011
010100010100
011000010101
011100011011
100000011100
100100011101
000100001100
001000001101
001100001110
010000010100
010100010101
011000010110
011100011100
100000011101
100100011110
000100001101
001000001110
001100001111
010000010101
010100010110
011000010111
011100011101
100000011110
100100011111
000100010000
001000010001
001100010010
010000011000
010100011001
011000011010
011100100000
100000100001
100100100010
000100010001
001000010010
001100010011
010000011001
010100011010
011000011011
011100100001
100000100010
100100100011
000100010010
001000010011
001100010100
010000011010
010100011011
011000011100
011100100010
100000100011
100100100100
000100010011
001000010100
001100010101
010000011011
010100011100
011000011101
011100100011
100000100100
100100100101
000100010100
001000010101
001100010110
010000011100
010100011101
011000011110
011100100100
100000100101
100100100110
000100010101
001000010110
001100010111
010000011101
010100011110
011000011111
011100100101
100000100110
100100100111
000100011000
001000011001
001100011010
010000100000
010100100001
011000100010
011100101000
100000101001
100100101010
000100011001
001000011010
001100011011
010000100001
010100100010
011000100011
011100101001
100000101010
100100101011
000100011010
001000011011
001100011100
010000100010
010100100011
011000100100
011100101010
100000101011
100100101100
000100011011
001000011100
001100011101
010000100011
010100100100
011000100101
011100101011
100000101100
100100101101
000100011100
001000011101
001100011110
010000100100
010100100101
011000100110
011100101100
100000101101
100100101110
000100011101
001000011110
001100011111
010000100101
010100100110
011000100111
011100101101
100000101110
100100101111
000100100000
001000100001
001100100010
010000101000
010100101001
011000101010
011100110000
100000110001
100100110010
000100100001
001000100010
001100100011
010000101001
010100101010
011000101011
011100110001
100000110010
100100110011
000100100010
001000100011
001100100100
010000101010
010100101011
011000101100
011100110010
100000110011
100100110100
000100100011
001000100100
001100100101
010000101011
010100101100
011000101101
011100110011
100000110100
100100110101
000100100100
001000100101
001100100110
010000101100
010100101101
011000101110
011100110100
100000110101
100100110110
000100100101
001000100110
001100100111
010000101101
010100101110
011000101111
011100110101
100000110110
100100110111
000100101000
001000101001
001100101010
010000110000
010100110001
011000110010
011100111000
100000111001
100100111010
000100101001
001000101010
001100101011
010000110001
010100110010
011000110011
011100111001
100000111010
100100111011
000100101010
001000101011
001100101100
010000110010
010100110011
011000110100
011100111010
100000111011
100100111100
000100101011
001000101100
001100101101
010000110011
010100110100
011000110101
011100111011
100000111100
100100111101
000100101100
001000101101
001100101110
010000110100
010100110101
011000110110
011100111100
100000111101
100100111110
000100101101
001000101110
001100101111
010000110101
010100110110
011000110111
011100111101
100000111110
100100111111
